target_labels,predicted_labels
2.0500000000000065,1.7690747850125734
0.9900000000000008,1.4472693101470133
2.930000000000004,2.160883015839126
4.78999999999999,2.7387260571283463
1.689999999999998,1.9534682851215073
1.8500000000000023,2.548289070532157
2.089999999999994,3.361970366831641
1.0800000000000034,1.513705624943656
1.1899999999999982,1.7967997366829922
1.6399999999999926,1.5778970215966035
1.4199999999999944,2.0136627112633336
3.3099999999999943,2.5935891916483365
1.2400000000000029,2.3168779851809
1.219999999999999,2.240685624820722
1.0999999999999963,2.2314699374470517
1.529999999999999,2.393479208762287
1.6299999999999968,2.278974227544278
2.569999999999994,2.3531201853876342
1.689999999999998,2.503062978875269
1.1999999999999966,1.3769049369614708
5.210000000000012,2.0131991076728046
0.8499999999999972,3.097255603687891
5.200000000000016,2.5919790343090097
3.54,2.5652968914304206
1.8700000000000032,2.51809728437261
2.8500000000000094,3.1579886867602984
2.4499999999999926,2.8632548292289517
2.149999999999995,1.7045858074283124
1.5800000000000034,1.6186657677713587
1.6399999999999926,2.1106176828728764
1.990000000000005,2.440237545489274
1.300000000000004,2.2395431704412623
1.5500000000000052,2.198271135716627
1.0999999999999963,1.9443440083338552
1.8700000000000032,2.224376699399637
1.1100000000000043,1.918190579037541
1.0699999999999956,1.7289154500204846
1.0,1.4847602403447204
1.7900000000000025,2.6416571101811472
3.209999999999996,2.4423490564262553
1.910000000000004,1.6622024383094907
1.1299999999999972,1.5566286440286907
2.6499999999999915,1.855329316222923
3.170000000000001,3.0037913419400044
1.560000000000002,1.8910451975640523
1.8600000000000083,2.2575017219494766
1.0900000000000027,1.5080846662692726
1.1999999999999966,1.987460794720658
1.219999999999999,2.5027943391682634
4.713084663428889,3.0065441658028598
2.7599999999999936,2.101344166101858
1.7299999999999995,2.253040359083199
3.450000000000005,2.1875324749242115
1.2400000000000029,2.031220629677192
1.6800000000000053,2.2005881869109967
1.0900000000000027,1.7136571932376095
1.0600000000000018,1.5473702337117352
1.0399999999999994,2.137051578259009
2.4700000000000117,2.0383296070122556
1.720000000000004,1.3286356828764714
1.7799999999999951,2.0890479284189425
3.4199999999999977,2.090998813835204
1.5699999999999947,2.4448676097620177
1.0399999999999994,1.7635591521177945
4.429999999999986,2.9256126254278714
3.3649944506111145,3.004209165594504
1.1100000000000043,1.6869674206545051
1.3899999999999937,2.807923700581984
1.8799999999999968,1.7969937031856886
1.660000000000001,2.107497866291208
1.1200000000000028,1.7517677355766545
1.8199999999999947,2.1228352462850024
2.58999999999999,2.053704186053328
1.169999999999996,2.034075851187155
1.340000000000003,1.9860923921107787
1.7400000000000044,2.4709836886172103
2.779999999999988,2.026546130640606
1.2700000000000038,1.924749766569161
2.800000000000008,2.2398680457294344
1.1299999999999972,1.4360627310532932
1.3300000000000052,2.410460110167298
1.8199999999999947,2.2574476015281584
2.970000000000013,2.9171113179307273
2.180000000000005,2.6586669413314
1.7099999999999989,1.8619743184543711
1.7900000000000025,2.2532549539635007
1.3899999999999937,1.769151110654819
1.1500000000000037,1.424920427095844
1.4900000000000038,1.817652860181657
1.6399999999999926,2.263415070033885
2.209999999999994,2.6793975192751582
3.370000000000004,3.058414790924125
1.0999999999999963,2.002144988927647
1.5,1.842095977878553
1.4399999999999984,1.3658621767584886
4.127882382633886,3.0617316616341648
2.160000000000007,1.9635833941720482
1.92,1.740756437560315
1.9300000000000053,2.1606179725067625
2.1100000000000088,2.063623312674829
3.2900000000000027,2.477079307067208
2.0400000000000045,2.2890359746858886
1.4399999999999984,1.760177840655693
4.75,2.4841686508429444
1.5099999999999962,2.281004347760431
1.280000000000001,3.225532573695732
2.310000000000002,2.004520450338774
2.0400000000000045,2.074011239729099
1.219999999999999,2.0319847002439775
1.6500000000000004,1.4051981059824845
1.4300000000000048,2.050947288186334
2.0500000000000065,1.683178477564621
1.169999999999996,1.8261055873400829
1.6699999999999977,2.503306842840249
1.939999999999998,1.762188080788657
2.240000000000005,3.019147128396594
1.1299999999999972,1.7848633455794896
3.820000000000008,2.780154832875373
3.690000000000011,3.207437825939276
1.5,1.879828526980725
3.3000000000000007,2.9369944448810963
4.019999999999999,3.3842546829196944
2.4200000000000035,1.8254351157045063
3.9099999999999993,2.7732000082412793
1.660000000000001,2.776194053793308
3.440000000000008,2.1603540928065725
1.959999999999996,2.2352369491101283
1.3100000000000018,1.9133016065432444
1.4300000000000048,1.8670570135439424
1.660000000000001,1.6724447379994924
1.340000000000003,1.874639133467011
1.560000000000002,1.9872224434894763
1.0399999999999994,1.8925564414443588
2.8899999999999904,2.785269899639854
2.0,2.0659664870872785
1.7599999999999956,2.2543221060103433
1.2100000000000015,1.7375660631205425
1.9300000000000053,1.7506507345074913
2.699999999999992,2.1031663178923914
2.6771286441461117,2.222529902355531
1.3300000000000052,1.6884877180801725
2.399999999999993,2.2865360278768283
1.6100000000000074,2.5761186028733274
2.0500000000000065,2.1272628711904753
4.281441191316665,3.1185546713098584
1.1200000000000028,1.2532435093315681
1.6999999999999944,1.7210744764590418
2.360000000000009,1.8570434345469047
5.174854368932777,1.9426465396486632
3.1000000000000103,1.684346523937861
4.509999999999993,3.1710487757664834
2.339999999999992,2.0586292503911228
1.5500000000000052,2.204446063364487
1.0999999999999963,2.116625400451727
1.2299999999999964,1.9672501702736198
2.220000000000009,2.899861809514688
0.860000000000002,2.6833050092094575
2.180000000000005,1.6381223826041689
2.3500000000000068,2.6638007105204307
1.169999999999996,1.5989262518146057
1.340000000000003,1.928233069829782
1.25,1.388201249316689
1.2700000000000038,2.062946717789262
1.0399999999999994,1.6407359090237967
3.48998612075,3.0021942287174017
3.5899999999999976,2.5095717306146343
1.689999999999998,2.6478034024580928
1.8799999999999968,1.972385404791833
3.874999999999996,2.480592543323214
3.87,1.945394409274787
1.169999999999996,1.5312053992414856
2.3199999999999945,2.9403966177247223
1.2700000000000038,2.625685053810617
2.430000000000005,1.6613689595323926
3.830000000000007,2.6738885804128274
2.490000000000006,2.8457080452939447
1.280000000000001,1.7265702414292887
1.1299999999999972,2.214783300236727
2.509999999999994,2.0548941045057822
3.269999999999992,1.8436452287050364
1.1100000000000043,2.130661038958017
2.1299999999999963,1.955525569597512
1.6399999999999926,1.7130534966081774
2.2900000000000063,1.7826326321072279
1.5999999999999988,1.6378492341317425
1.8300000000000007,2.483426563921205
3.1000000000000103,2.7810852528411596
2.5199999999999947,2.4306989348475208
0.96,1.493358532617731
3.6399999999999895,2.214881096845878
0.9399999999999984,1.7276050242610193
1.280000000000001,1.3372810229528715
3.410041637750001,2.8392459166446327
3.3399999999999954,2.794660217439543
2.579999999999996,2.008349728807404
2.310000000000002,2.36664758442814
2.019999999999998,2.160270289309181
1.5699999999999947,2.392664920444205
3.1499999999999893,3.0001929935160576
1.8999999999999968,1.7017695891848104
1.0900000000000027,2.5322022142100584
2.0299999999999927,2.2510413826364433
1.990000000000005,2.2010590788658146
1.0900000000000027,1.6162859555067646
3.9907756232666656,3.138850122215445
1.6100000000000074,2.0071304835920807
1.9800000000000015,2.0801893925330512
2.5,2.1760494458440203
1.0399999999999994,2.004437008872633
1.7599999999999956,2.039153479498807
1.6299999999999968,2.3015026153311524
1.409999999999997,1.8643734324937762
1.0,2.0141024878123877
2.459999999999993,1.7691385889247673
2.490000000000006,2.2184803773344672
1.460000000000002,2.4030242960529953
3.899999999999996,2.706082891579768
1.2100000000000015,1.6714309541616035
4.120000000000004,2.6571760510091065
3.769999999999991,2.6986008340003798
1.0900000000000027,1.6422860574856732
2.199999999999993,2.3560126347662234
1.6399999999999926,1.6182593245966868
1.9800000000000015,2.093134899275651
4.769999999999989,2.58537749747525
1.660000000000001,1.9069294960621284
1.9300000000000053,2.5817251063656093
4.029999999999983,2.2527686555228716
2.019999999999998,1.6925831723235054
1.7599999999999956,2.605777197081154
2.699999999999992,2.279889264906484
1.1399999999999952,2.418519910809882
1.340000000000003,2.3634500563485474
1.8300000000000007,1.7339081905627232
1.800000000000006,2.1025013863341644
3.620000000000004,2.789676510985465
2.800000000000008,2.9277209492115652
1.970000000000007,2.200716050239103
1.3300000000000052,2.192475592324874
2.0,2.495974815842469
1.1299999999999972,1.9044280550123116
1.59,1.505600550312949
2.0699999999999945,2.5485654339621835
1.1899999999999982,2.4390563375067713
2.1000000000000045,3.318610809199961
4.549999999999988,3.1925440778204446
1.300000000000004,2.114935324707588
1.7400000000000044,1.8369138610959788
3.820000000000008,3.4573938201933982
1.6399999999999926,2.1818055610089555
2.920000000000004,2.3791337683630687
3.1100000000000105,2.5405337768991054
1.6999999999999944,1.6778436543065656
2.58999999999999,2.174277760700971
1.25,1.7031896251426941
1.689999999999998,2.19248536190826
1.7900000000000025,1.6961313215008706
1.2599999999999971,2.487141669925196
2.1299999999999963,2.2050372371438454
1.6399999999999926,2.8327743381546755
2.879999999999997,1.579022252803271
1.689999999999998,1.6469780606793332
1.7599999999999956,2.0218104271879294
1.910000000000004,2.2423777496089525
1.75,2.6433594296137675
4.730000000000011,2.3841468956556016
1.92,1.9721462774613103
2.089999999999994,2.0698174642190046
2.5,2.4583634656716793
4.92138632162778,1.6758264530001834
1.3899999999999937,2.04956221734691
1.4399999999999984,2.12499440781914
1.959999999999996,2.3876052709670073
3.029999999999986,2.627509451592862
2.300000000000008,1.7563638490069715
1.1399999999999952,2.1056114025247337
2.430000000000005,2.54092147141791
3.190000000000004,2.668724689588195
3.129999999999996,2.07201277819079
1.25,1.4689087181371656
2.189999999999998,2.887188730959646
1.9300000000000053,2.7082903118795083
1.7599999999999956,2.051001887251571
1.3700000000000032,1.4707622772933384
0.9399999999999984,2.478523357164183
1.3100000000000018,2.82650861667513
1.529999999999999,2.1846854434965413
4.379999999999996,1.948902486126237
2.0799999999999987,1.835868762157693
2.8500000000000094,2.544202345568859
3.1499999999999893,2.988198104829388
1.1899999999999982,1.4464156666462848
1.7799999999999951,2.051993373771115
1.8999999999999968,1.7866422401359543
1.400000000000004,2.216066102015052
2.75,2.9254377316796587
2.060000000000002,2.1240682559585613
4.0900000000000025,2.904400992292725
1.3199999999999952,2.2316631986187248
4.2600000000000025,2.8105380953671966
2.1399999999999912,1.920341180643857
3.6799999999999935,2.1945879878743217
1.810000000000002,1.4798582712356891
3.269999999999992,2.397061798265689
1.169999999999996,2.704537449487687
3.6799999999999935,2.556602129133641
4.200000000000009,3.157195857711534
3.199999999999997,1.9574658810380843
3.960000000000004,1.9516699335661907
1.1500000000000037,1.7829670446431256
1.1399999999999952,2.1098397767559383
2.019999999999998,2.3999394239348324
2.810000000000002,2.540769146886432
1.9300000000000053,2.1586950147150543
2.060000000000002,2.1747644116849227
1.7599999999999956,2.1192170875885137
3.230000000000008,2.175635122241903
1.800000000000006,3.0897084058989472
1.300000000000004,2.140549822843773
3.4987014428416616,2.2029298104262782
2.5299999999999887,2.768004878970105
2.240000000000005,2.02353922649803
1.0600000000000018,1.7899261786975982
1.7400000000000044,1.6176853001598301
1.8799999999999968,2.4699206736824952
1.4499999999999953,2.5384893982773504
1.0500000000000025,1.4239180435411194
1.6800000000000053,2.131499715013514
2.7599999999999936,2.5988688928742545
2.180000000000005,2.179359626581351
1.4499999999999953,1.250839859696097
1.8700000000000032,2.620720312171706
4.360000000000011,2.359722380667971
1.3199999999999952,2.0709291499734097
1.0999999999999963,1.9246556312352987
1.2400000000000029,3.1746619535112854
4.66,2.676501351015557
1.2100000000000015,1.3660037853221243
2.75,3.245027947991552
2.0799999999999987,2.735017870226009
1.4799999999999964,2.1053978383108047
1.340000000000003,2.4259136184028187
1.8799999999999968,2.4801747585146723
1.300000000000004,3.1249267976346617
1.6100000000000074,1.8877304043636722
1.4399999999999984,2.063183329136751
1.1399999999999952,1.8032058211406077
1.5399999999999994,1.751210343037446
4.502385575589445,2.4193568261495915
3.54,2.8072649847805753
1.1200000000000028,1.7365189919894308
1.1800000000000046,1.696600507024167
2.540000000000008,2.0934958712323524
1.5399999999999994,2.8423382514227717
1.0600000000000018,1.2866641490070447
1.5999999999999988,2.516254753037459
2.1000000000000045,2.3263577330061485
1.4399999999999984,1.3613701229662953
1.409999999999997,2.1497251476372776
3.0799999999999987,2.0661764977477937
1.5500000000000052,1.738509373915907
5.279999999999981,3.188809291301552
2.170000000000002,2.022633011565579
3.928548770817775,2.061746906486281
